ERROR: file `not_optimized_field.txt` not found.
       0.295816      0.0739539      0.0739539              0      -0.147908      -0.110931      -0.110931     -0.0739539
      0.0739539       0.295816              0      0.0739539      -0.110931      -0.147908     -0.0739539      -0.110931
      0.0739539              0       0.295816      0.0739539      -0.110931     -0.0739539      -0.147908      -0.110931
              0      0.0739539      0.0739539       0.295816     -0.0739539      -0.110931      -0.110931      -0.147908
      -0.147908      -0.110931      -0.110931     -0.0739539       0.295816      0.0739539      0.0739539              0
      -0.110931      -0.147908     -0.0739539      -0.110931      0.0739539       0.295816              0      0.0739539
      -0.110931     -0.0739539      -0.147908      -0.110931      0.0739539              0       0.295816      0.0739539
     -0.0739539      -0.110931      -0.110931      -0.147908              0      0.0739539      0.0739539       0.295816

        5.70128        2.84744         1.1409       0.568849       -3.98834       -1.99577       -2.84904       -1.42532
        2.84744        5.70128       0.568849         1.1409       -1.99577       -3.98834       -1.42532       -2.84904
         1.1409       0.568849        5.70128        2.84744       -2.84904       -1.42532       -3.98834       -1.99577
       0.568849         1.1409        2.84744        5.70128       -1.42532       -2.84904       -1.99577       -3.98834
       -3.98834       -1.99577       -2.84904       -1.42532        5.70128        2.84744         1.1409       0.568849
       -1.99577       -3.98834       -1.42532       -2.84904        2.84744        5.70128       0.568849         1.1409
       -2.84904       -1.42532       -3.98834       -1.99577         1.1409       0.568849        5.70128        2.84744
       -1.42532       -2.84904       -1.99577       -3.98834       0.568849         1.1409        2.84744        5.70128

        3.35607        1.67259       0.672301       0.333431        -2.3449       -1.17517       -1.67531      -0.839016
        1.67259        3.35607       0.333431       0.672301       -1.17517        -2.3449      -0.839016       -1.67531
       0.672301       0.333431        3.35607        1.67259       -1.67531      -0.839016        -2.3449       -1.17517
       0.333431       0.672301        1.67259        3.35607      -0.839016       -1.67531       -1.17517        -2.3449
        -2.3449       -1.17517       -1.67531      -0.839016        3.35607        1.67259       0.672301       0.333431
       -1.17517        -2.3449      -0.839016       -1.67531        1.67259        3.35607       0.333431       0.672301
       -1.67531      -0.839016        -2.3449       -1.17517       0.672301       0.333431        3.35607        1.67259
      -0.839016       -1.67531       -1.17517        -2.3449       0.333431       0.672301        1.67259        3.35607

        1.97819       0.979849       0.397486       0.194121       -1.37733       -0.69329      -0.984471      -0.494547
       0.979849        1.97819       0.194121       0.397486       -0.69329       -1.37733      -0.494547      -0.984471
       0.397486       0.194121        1.97819       0.979849      -0.984471      -0.494547       -1.37733       -0.69329
       0.194121       0.397486       0.979849        1.97819      -0.494547      -0.984471       -0.69329       -1.37733
       -1.37733       -0.69329      -0.984471      -0.494547        1.97819       0.979849       0.397486       0.194121
       -0.69329       -1.37733      -0.494547      -0.984471       0.979849        1.97819       0.194121       0.397486
      -0.984471      -0.494547       -1.37733       -0.69329       0.397486       0.194121        1.97819       0.979849
      -0.494547      -0.984471       -0.69329       -1.37733       0.194121       0.397486       0.979849        1.97819

        1.17049        0.56953       0.237241       0.110763      -0.806771      -0.411243      -0.577388      -0.292623
        0.56953        1.17049       0.110763       0.237241      -0.411243      -0.806771      -0.292623      -0.577388
       0.237241       0.110763        1.17049        0.56953      -0.577388      -0.292623      -0.806771      -0.411243
       0.110763       0.237241        0.56953        1.17049      -0.292623      -0.577388      -0.411243      -0.806771
      -0.806771      -0.411243      -0.577388      -0.292623        1.17049        0.56953       0.237241       0.110763
      -0.411243      -0.806771      -0.292623      -0.577388        0.56953        1.17049       0.110763       0.237241
      -0.577388      -0.292623      -0.806771      -0.411243       0.237241       0.110763        1.17049        0.56953
      -0.292623      -0.577388      -0.411243      -0.806771       0.110763       0.237241        0.56953        1.17049

       0.700172       0.323369       0.145378      0.0593305      -0.468747      -0.247732      -0.336728      -0.175043
       0.323369       0.700172      0.0593305       0.145378      -0.247732      -0.468747      -0.175043      -0.336728
       0.145378      0.0593305       0.700172       0.323369      -0.336728      -0.175043      -0.468747      -0.247732
      0.0593305       0.145378       0.323369       0.700172      -0.175043      -0.336728      -0.247732      -0.468747
      -0.468747      -0.247732      -0.336728      -0.175043       0.700172       0.323369       0.145378      0.0593305
      -0.247732      -0.468747      -0.175043      -0.336728       0.323369       0.700172      0.0593305       0.145378
      -0.336728      -0.175043      -0.468747      -0.247732       0.145378      0.0593305       0.700172       0.323369
      -0.175043      -0.336728      -0.247732      -0.468747      0.0593305       0.145378       0.323369       0.700172

       0.431668       0.170415      0.0954174      0.0249993      -0.265833      -0.155626      -0.193125      -0.107917
       0.170415       0.431668      0.0249993      0.0954174      -0.155626      -0.265833      -0.107917      -0.193125
      0.0954174      0.0249993       0.431668       0.170415      -0.193125      -0.107917      -0.265833      -0.155626
      0.0249993      0.0954174       0.170415       0.431668      -0.107917      -0.193125      -0.155626      -0.265833
      -0.265833      -0.155626      -0.193125      -0.107917       0.431668       0.170415      0.0954174      0.0249993
      -0.155626      -0.265833      -0.107917      -0.193125       0.170415       0.431668      0.0249993      0.0954174
      -0.193125      -0.107917      -0.265833      -0.155626      0.0954174      0.0249993       0.431668       0.170415
      -0.107917      -0.193125      -0.155626      -0.265833      0.0249993      0.0954174       0.170415       0.431668

       0.287586      0.0665809      0.0729595    -0.00212621       -0.13954      -0.108376      -0.105187     -0.0718964
      0.0665809       0.287586    -0.00212621      0.0729595      -0.108376       -0.13954     -0.0718964      -0.105187
      0.0729595    -0.00212621       0.287586      0.0665809      -0.105187     -0.0718964       -0.13954      -0.108376
    -0.00212621      0.0729595      0.0665809       0.287586     -0.0718964      -0.105187      -0.108376       -0.13954
       -0.13954      -0.108376      -0.105187     -0.0718964       0.287586      0.0665809      0.0729595    -0.00212621
      -0.108376       -0.13954     -0.0718964      -0.105187      0.0665809       0.287586    -0.00212621      0.0729595
      -0.105187     -0.0718964       -0.13954      -0.108376      0.0729595    -0.00212621       0.287586      0.0665809
     -0.0718964      -0.105187      -0.108376       -0.13954    -0.00212621      0.0729595      0.0665809       0.287586

       0.226396     -0.0180624      0.0715312     -0.0298646     -0.0534688     -0.0923646     -0.0475677     -0.0565989
     -0.0180624       0.226396     -0.0298646      0.0715312     -0.0923646     -0.0534688     -0.0565989     -0.0475677
      0.0715312     -0.0298646       0.226396     -0.0180624     -0.0475677     -0.0565989     -0.0534688     -0.0923646
     -0.0298646      0.0715312     -0.0180624       0.226396     -0.0565989     -0.0475677     -0.0923646     -0.0534688
     -0.0534688     -0.0923646     -0.0475677     -0.0565989       0.226396     -0.0180624      0.0715312     -0.0298646
     -0.0923646     -0.0534688     -0.0565989     -0.0475677     -0.0180624       0.226396     -0.0298646      0.0715312
     -0.0475677     -0.0565989     -0.0534688     -0.0923646      0.0715312     -0.0298646       0.226396     -0.0180624
     -0.0565989     -0.0475677     -0.0923646     -0.0534688     -0.0298646      0.0715312     -0.0180624       0.226396

       0.226396     -0.0180624      0.0715312     -0.0298646     -0.0534688     -0.0923646     -0.0475677     -0.0565989
     -0.0180624       0.226396     -0.0298646      0.0715312     -0.0923646     -0.0534688     -0.0565989     -0.0475677
      0.0715312     -0.0298646       0.226396     -0.0180624     -0.0475677     -0.0565989     -0.0534688     -0.0923646
     -0.0298646      0.0715312     -0.0180624       0.226396     -0.0565989     -0.0475677     -0.0923646     -0.0534688
     -0.0534688     -0.0923646     -0.0475677     -0.0565989       0.226396     -0.0180624      0.0715312     -0.0298646
     -0.0923646     -0.0534688     -0.0565989     -0.0475677     -0.0180624       0.226396     -0.0298646      0.0715312
     -0.0475677     -0.0565989     -0.0534688     -0.0923646      0.0715312     -0.0298646       0.226396     -0.0180624
     -0.0565989     -0.0475677     -0.0923646     -0.0534688     -0.0298646      0.0715312     -0.0180624       0.226396

       0.287586      0.0665809      0.0729595    -0.00212621       -0.13954      -0.108376      -0.105187     -0.0718964
      0.0665809       0.287586    -0.00212621      0.0729595      -0.108376       -0.13954     -0.0718964      -0.105187
      0.0729595    -0.00212621       0.287586      0.0665809      -0.105187     -0.0718964       -0.13954      -0.108376
    -0.00212621      0.0729595      0.0665809       0.287586     -0.0718964      -0.105187      -0.108376       -0.13954
       -0.13954      -0.108376      -0.105187     -0.0718964       0.287586      0.0665809      0.0729595    -0.00212621
      -0.108376       -0.13954     -0.0718964      -0.105187      0.0665809       0.287586    -0.00212621      0.0729595
      -0.105187     -0.0718964       -0.13954      -0.108376      0.0729595    -0.00212621       0.287586      0.0665809
     -0.0718964      -0.105187      -0.108376       -0.13954    -0.00212621      0.0729595      0.0665809       0.287586

       0.431668       0.170415      0.0954174      0.0249993      -0.265833      -0.155626      -0.193125      -0.107917
       0.170415       0.431668      0.0249993      0.0954174      -0.155626      -0.265833      -0.107917      -0.193125
      0.0954174      0.0249993       0.431668       0.170415      -0.193125      -0.107917      -0.265833      -0.155626
      0.0249993      0.0954174       0.170415       0.431668      -0.107917      -0.193125      -0.155626      -0.265833
      -0.265833      -0.155626      -0.193125      -0.107917       0.431668       0.170415      0.0954174      0.0249993
      -0.155626      -0.265833      -0.107917      -0.193125       0.170415       0.431668      0.0249993      0.0954174
      -0.193125      -0.107917      -0.265833      -0.155626      0.0954174      0.0249993       0.431668       0.170415
      -0.107917      -0.193125      -0.155626      -0.265833      0.0249993      0.0954174       0.170415       0.431668

       0.700172       0.323369       0.145378      0.0593305      -0.468747      -0.247732      -0.336728      -0.175043
       0.323369       0.700172      0.0593305       0.145378      -0.247732      -0.468747      -0.175043      -0.336728
       0.145378      0.0593305       0.700172       0.323369      -0.336728      -0.175043      -0.468747      -0.247732
      0.0593305       0.145378       0.323369       0.700172      -0.175043      -0.336728      -0.247732      -0.468747
      -0.468747      -0.247732      -0.336728      -0.175043       0.700172       0.323369       0.145378      0.0593305
      -0.247732      -0.468747      -0.175043      -0.336728       0.323369       0.700172      0.0593305       0.145378
      -0.336728      -0.175043      -0.468747      -0.247732       0.145378      0.0593305       0.700172       0.323369
      -0.175043      -0.336728      -0.247732      -0.468747      0.0593305       0.145378       0.323369       0.700172

        1.17049        0.56953       0.237241       0.110763      -0.806771      -0.411243      -0.577388      -0.292623
        0.56953        1.17049       0.110763       0.237241      -0.411243      -0.806771      -0.292623      -0.577388
       0.237241       0.110763        1.17049        0.56953      -0.577388      -0.292623      -0.806771      -0.411243
       0.110763       0.237241        0.56953        1.17049      -0.292623      -0.577388      -0.411243      -0.806771
      -0.806771      -0.411243      -0.577388      -0.292623        1.17049        0.56953       0.237241       0.110763
      -0.411243      -0.806771      -0.292623      -0.577388        0.56953        1.17049       0.110763       0.237241
      -0.577388      -0.292623      -0.806771      -0.411243       0.237241       0.110763        1.17049        0.56953
      -0.292623      -0.577388      -0.411243      -0.806771       0.110763       0.237241        0.56953        1.17049

        1.97819       0.979849       0.397486       0.194121       -1.37733       -0.69329      -0.984471      -0.494547
       0.979849        1.97819       0.194121       0.397486       -0.69329       -1.37733      -0.494547      -0.984471
       0.397486       0.194121        1.97819       0.979849      -0.984471      -0.494547       -1.37733       -0.69329
       0.194121       0.397486       0.979849        1.97819      -0.494547      -0.984471       -0.69329       -1.37733
       -1.37733       -0.69329      -0.984471      -0.494547        1.97819       0.979849       0.397486       0.194121
       -0.69329       -1.37733      -0.494547      -0.984471       0.979849        1.97819       0.194121       0.397486
      -0.984471      -0.494547       -1.37733       -0.69329       0.397486       0.194121        1.97819       0.979849
      -0.494547      -0.984471       -0.69329       -1.37733       0.194121       0.397486       0.979849        1.97819

        3.35607        1.67259       0.672301       0.333431        -2.3449       -1.17517       -1.67531      -0.839016
        1.67259        3.35607       0.333431       0.672301       -1.17517        -2.3449      -0.839016       -1.67531
       0.672301       0.333431        3.35607        1.67259       -1.67531      -0.839016        -2.3449       -1.17517
       0.333431       0.672301        1.67259        3.35607      -0.839016       -1.67531       -1.17517        -2.3449
        -2.3449       -1.17517       -1.67531      -0.839016        3.35607        1.67259       0.672301       0.333431
       -1.17517        -2.3449      -0.839016       -1.67531        1.67259        3.35607       0.333431       0.672301
       -1.67531      -0.839016        -2.3449       -1.17517       0.672301       0.333431        3.35607        1.67259
      -0.839016       -1.67531       -1.17517        -2.3449       0.333431       0.672301        1.67259        3.35607

        5.70128        2.84744         1.1409       0.568849       -3.98834       -1.99577       -2.84904       -1.42532
        2.84744        5.70128       0.568849         1.1409       -1.99577       -3.98834       -1.42532       -2.84904
         1.1409       0.568849        5.70128        2.84744       -2.84904       -1.42532       -3.98834       -1.99577
       0.568849         1.1409        2.84744        5.70128       -1.42532       -2.84904       -1.99577       -3.98834
       -3.98834       -1.99577       -2.84904       -1.42532        5.70128        2.84744         1.1409       0.568849
       -1.99577       -3.98834       -1.42532       -2.84904        2.84744        5.70128       0.568849         1.1409
       -2.84904       -1.42532       -3.98834       -1.99577         1.1409       0.568849        5.70128        2.84744
       -1.42532       -2.84904       -1.99577       -3.98834       0.568849         1.1409        2.84744        5.70128

       0.295816      0.0739539      0.0739539              0      -0.147908      -0.110931      -0.110931     -0.0739539
      0.0739539       0.295816              0      0.0739539      -0.110931      -0.147908     -0.0739539      -0.110931
      0.0739539              0       0.295816      0.0739539      -0.110931     -0.0739539      -0.147908      -0.110931
              0      0.0739539      0.0739539       0.295816     -0.0739539      -0.110931      -0.110931      -0.147908
      -0.147908      -0.110931      -0.110931     -0.0739539       0.295816      0.0739539      0.0739539              0
      -0.110931      -0.147908     -0.0739539      -0.110931      0.0739539       0.295816              0      0.0739539
      -0.110931     -0.0739539      -0.147908      -0.110931      0.0739539              0       0.295816      0.0739539
     -0.0739539      -0.110931      -0.110931      -0.147908              0      0.0739539      0.0739539       0.295816

        5.70128         1.1409        2.84744       0.568849       -3.98834       -2.84904       -1.99577       -1.42532
         1.1409        5.70128       0.568849        2.84744       -2.84904       -3.98834       -1.42532       -1.99577
        2.84744       0.568849        5.70128         1.1409       -1.99577       -1.42532       -3.98834       -2.84904
       0.568849        2.84744         1.1409        5.70128       -1.42532       -1.99577       -2.84904       -3.98834
       -3.98834       -2.84904       -1.99577       -1.42532        5.70128         1.1409        2.84744       0.568849
       -2.84904       -3.98834       -1.42532       -1.99577         1.1409        5.70128       0.568849        2.84744
       -1.99577       -1.42532       -3.98834       -2.84904        2.84744       0.568849        5.70128         1.1409
       -1.42532       -1.99577       -2.84904       -3.98834       0.568849        2.84744         1.1409        5.70128

        105.506        52.6789        52.6789        26.3025       -105.358       -52.7159       -52.7159       -26.3764
        52.6789        105.506        26.3025        52.6789       -52.7159       -105.358       -26.3764       -52.7159
        52.6789        26.3025        105.506        52.6789       -52.7159       -26.3764       -105.358       -52.7159
        26.3025        52.6789        52.6789        105.506       -26.3764       -52.7159       -52.7159       -105.358
       -105.358       -52.7159       -52.7159       -26.3764        105.506        52.6789        52.6789        26.3025
       -52.7159       -105.358       -26.3764       -52.7159        52.6789        105.506        26.3025        52.6789
       -52.7159       -26.3764       -105.358       -52.7159        52.6789        26.3025        105.506        52.6789
       -26.3764       -52.7159       -52.7159       -105.358        26.3025        52.6789        52.6789        105.506

         62.117        30.9328         31.015        15.4446       -61.9478       -31.0368       -30.9956       -15.5293
        30.9328         62.117        15.4446         31.015       -31.0368       -61.9478       -15.5293       -30.9956
         31.015        15.4446         62.117        30.9328       -30.9956       -15.5293       -61.9478       -31.0368
        15.4446         31.015        30.9328         62.117       -15.5293       -30.9956       -31.0368       -61.9478
       -61.9478       -31.0368       -30.9956       -15.5293         62.117        30.9328         31.015        15.4446
       -31.0368       -61.9478       -15.5293       -30.9956        30.9328         62.117        15.4446         31.015
       -30.9956       -15.5293       -61.9478       -31.0368         31.015        15.4446         62.117        30.9328
       -15.5293       -30.9956       -31.0368       -61.9478        15.4446         31.015        30.9328         62.117

        36.6326        18.1026        18.2907        9.03849       -36.3933       -18.3035       -18.2094       -9.15815
        18.1026        36.6326        9.03849        18.2907       -18.3035       -36.3933       -9.15815       -18.2094
        18.2907        9.03849        36.6326        18.1026       -18.2094       -9.15815       -36.3933       -18.3035
        9.03849        18.2907        18.1026        36.6326       -9.15815       -18.2094       -18.3035       -36.3933
       -36.3933       -18.3035       -18.2094       -9.15815        36.6326        18.1026        18.2907        9.03849
       -18.3035       -36.3933       -9.15815       -18.2094        18.1026        36.6326        9.03849        18.2907
       -18.2094       -9.15815       -36.3933       -18.3035        18.2907        9.03849        36.6326        18.1026
       -9.15815       -18.2094       -18.3035       -36.3933        9.03849        18.2907        18.1026        36.6326

         21.707        10.4902        10.8384        5.23756       -21.3286        -10.846       -10.6718       -5.42675
        10.4902         21.707        5.23756        10.8384        -10.846       -21.3286       -5.42675       -10.6718
        10.8384        5.23756         21.707        10.4902       -10.6718       -5.42675       -21.3286        -10.846
        5.23756        10.8384        10.4902         21.707       -5.42675       -10.6718        -10.846       -21.3286
       -21.3286        -10.846       -10.6718       -5.42675         21.707        10.4902        10.8384        5.23756
        -10.846       -21.3286       -5.42675       -10.6718        10.4902         21.707        5.23756        10.8384
       -10.6718       -5.42675       -21.3286        -10.846        10.8384        5.23756         21.707        10.4902
       -5.42675       -10.6718        -10.846       -21.3286        5.23756        10.8384        10.4902         21.707

        13.0381        5.90139        6.51021        2.94627       -12.4116       -6.51463       -6.21022       -3.25953
        5.90139        13.0381        2.94627        6.51021       -6.51463       -12.4116       -3.25953       -6.21022
        6.51021        2.94627        13.0381        5.90139       -6.21022       -3.25953       -12.4116       -6.51463
        2.94627        6.51021        5.90139        13.0381       -3.25953       -6.21022       -6.51463       -12.4116
       -12.4116       -6.51463       -6.21022       -3.25953        13.0381        5.90139        6.51021        2.94627
       -6.51463       -12.4116       -3.25953       -6.21022        5.90139        13.0381        2.94627        6.51021
       -6.21022       -3.25953       -12.4116       -6.51463        6.51021        2.94627        13.0381        5.90139
       -3.25953       -6.21022       -6.51463       -12.4116        2.94627        6.51021        5.90139        13.0381

        8.12728         3.0136        4.05843         1.5042       -7.07204       -4.06104       -3.53862       -2.03182
         3.0136        8.12728         1.5042        4.05843       -4.06104       -7.07204       -2.03182       -3.53862
        4.05843         1.5042        8.12728         3.0136       -3.53862       -2.03182       -7.07204       -4.06104
         1.5042        4.05843         3.0136        8.12728       -2.03182       -3.53862       -4.06104       -7.07204
       -7.07204       -4.06104       -3.53862       -2.03182        8.12728         3.0136        4.05843         1.5042
       -4.06104       -7.07204       -2.03182       -3.53862         3.0136        8.12728         1.5042        4.05843
       -3.53862       -2.03182       -7.07204       -4.06104        4.05843         1.5042        8.12728         3.0136
       -2.03182       -3.53862       -4.06104       -7.07204         1.5042        4.05843         3.0136        8.12728

        5.55902       0.994443        2.77645       0.495689       -3.77089       -2.77798       -1.88698       -1.38976
       0.994443        5.55902       0.495689        2.77645       -2.77798       -3.77089       -1.38976       -1.88698
        2.77645       0.495689        5.55902       0.994443       -1.88698       -1.38976       -3.77089       -2.77798
       0.495689        2.77645       0.994443        5.55902       -1.38976       -1.88698       -2.77798       -3.77089
       -3.77089       -2.77798       -1.88698       -1.38976        5.55902       0.994443        2.77645       0.495689
       -2.77798       -3.77089       -1.38976       -1.88698       0.994443        5.55902       0.495689        2.77645
       -1.88698       -1.38976       -3.77089       -2.77798        2.77645       0.495689        5.55902       0.994443
       -1.38976       -1.88698       -2.77798       -3.77089       0.495689        2.77645       0.994443        5.55902

        4.59306      -0.738084        2.29473      -0.369943       -1.55665       -2.29563      -0.779224       -1.14827
      -0.738084        4.59306      -0.369943        2.29473       -2.29563       -1.55665       -1.14827      -0.779224
        2.29473      -0.369943        4.59306      -0.738084      -0.779224       -1.14827       -1.55665       -2.29563
      -0.369943        2.29473      -0.738084        4.59306       -1.14827      -0.779224       -2.29563       -1.55665
       -1.55665       -2.29563      -0.779224       -1.14827        4.59306      -0.738084        2.29473      -0.369943
       -2.29563       -1.55665       -1.14827      -0.779224      -0.738084        4.59306      -0.369943        2.29473
      -0.779224       -1.14827       -1.55665       -2.29563        2.29473      -0.369943        4.59306      -0.738084
       -1.14827      -0.779224       -2.29563       -1.55665      -0.369943        2.29473      -0.738084        4.59306

        4.59306      -0.738084        2.29473      -0.369943       -1.55665       -2.29563      -0.779224       -1.14827
      -0.738084        4.59306      -0.369943        2.29473       -2.29563       -1.55665       -1.14827      -0.779224
        2.29473      -0.369943        4.59306      -0.738084      -0.779224       -1.14827       -1.55665       -2.29563
      -0.369943        2.29473      -0.738084        4.59306       -1.14827      -0.779224       -2.29563       -1.55665
       -1.55665       -2.29563      -0.779224       -1.14827        4.59306      -0.738084        2.29473      -0.369943
       -2.29563       -1.55665       -1.14827      -0.779224      -0.738084        4.59306      -0.369943        2.29473
      -0.779224       -1.14827       -1.55665       -2.29563        2.29473      -0.369943        4.59306      -0.738084
       -1.14827      -0.779224       -2.29563       -1.55665      -0.369943        2.29473      -0.738084        4.59306

        5.55902       0.994443        2.77645       0.495689       -3.77089       -2.77798       -1.88698       -1.38976
       0.994443        5.55902       0.495689        2.77645       -2.77798       -3.77089       -1.38976       -1.88698
        2.77645       0.495689        5.55902       0.994443       -1.88698       -1.38976       -3.77089       -2.77798
       0.495689        2.77645       0.994443        5.55902       -1.38976       -1.88698       -2.77798       -3.77089
       -3.77089       -2.77798       -1.88698       -1.38976        5.55902       0.994443        2.77645       0.495689
       -2.77798       -3.77089       -1.38976       -1.88698       0.994443        5.55902       0.495689        2.77645
       -1.88698       -1.38976       -3.77089       -2.77798        2.77645       0.495689        5.55902       0.994443
       -1.38976       -1.88698       -2.77798       -3.77089       0.495689        2.77645       0.994443        5.55902

        8.12728         3.0136        4.05843         1.5042       -7.07204       -4.06104       -3.53862       -2.03182
         3.0136        8.12728         1.5042        4.05843       -4.06104       -7.07204       -2.03182       -3.53862
        4.05843         1.5042        8.12728         3.0136       -3.53862       -2.03182       -7.07204       -4.06104
         1.5042        4.05843         3.0136        8.12728       -2.03182       -3.53862       -4.06104       -7.07204
       -7.07204       -4.06104       -3.53862       -2.03182        8.12728         3.0136        4.05843         1.5042
       -4.06104       -7.07204       -2.03182       -3.53862         3.0136        8.12728         1.5042        4.05843
       -3.53862       -2.03182       -7.07204       -4.06104        4.05843         1.5042        8.12728         3.0136
       -2.03182       -3.53862       -4.06104       -7.07204         1.5042        4.05843         3.0136        8.12728

        13.0381        5.90139        6.51021        2.94627       -12.4116       -6.51463       -6.21022       -3.25953
        5.90139        13.0381        2.94627        6.51021       -6.51463       -12.4116       -3.25953       -6.21022
        6.51021        2.94627        13.0381        5.90139       -6.21022       -3.25953       -12.4116       -6.51463
        2.94627        6.51021        5.90139        13.0381       -3.25953       -6.21022       -6.51463       -12.4116
       -12.4116       -6.51463       -6.21022       -3.25953        13.0381        5.90139        6.51021        2.94627
       -6.51463       -12.4116       -3.25953       -6.21022        5.90139        13.0381        2.94627        6.51021
       -6.21022       -3.25953       -12.4116       -6.51463        6.51021        2.94627        13.0381        5.90139
       -3.25953       -6.21022       -6.51463       -12.4116        2.94627        6.51021        5.90139        13.0381

         21.707        10.4902        10.8384        5.23756       -21.3286        -10.846       -10.6718       -5.42675
        10.4902         21.707        5.23756        10.8384        -10.846       -21.3286       -5.42675       -10.6718
        10.8384        5.23756         21.707        10.4902       -10.6718       -5.42675       -21.3286        -10.846
        5.23756        10.8384        10.4902         21.707       -5.42675       -10.6718        -10.846       -21.3286
       -21.3286        -10.846       -10.6718       -5.42675         21.707        10.4902        10.8384        5.23756
        -10.846       -21.3286       -5.42675       -10.6718        10.4902         21.707        5.23756        10.8384
       -10.6718       -5.42675       -21.3286        -10.846        10.8384        5.23756         21.707        10.4902
       -5.42675       -10.6718        -10.846       -21.3286        5.23756        10.8384        10.4902         21.707

        36.6326        18.1026        18.2907        9.03849       -36.3933       -18.3035       -18.2094       -9.15815
        18.1026        36.6326        9.03849        18.2907       -18.3035       -36.3933       -9.15815       -18.2094
        18.2907        9.03849        36.6326        18.1026       -18.2094       -9.15815       -36.3933       -18.3035
        9.03849        18.2907        18.1026        36.6326       -9.15815       -18.2094       -18.3035       -36.3933
       -36.3933       -18.3035       -18.2094       -9.15815        36.6326        18.1026        18.2907        9.03849
       -18.3035       -36.3933       -9.15815       -18.2094        18.1026        36.6326        9.03849        18.2907
       -18.2094       -9.15815       -36.3933       -18.3035        18.2907        9.03849        36.6326        18.1026
       -9.15815       -18.2094       -18.3035       -36.3933        9.03849        18.2907        18.1026        36.6326

         62.117        30.9328         31.015        15.4446       -61.9478       -31.0368       -30.9956       -15.5293
        30.9328         62.117        15.4446         31.015       -31.0368       -61.9478       -15.5293       -30.9956
         31.015        15.4446         62.117        30.9328       -30.9956       -15.5293       -61.9478       -31.0368
        15.4446         31.015        30.9328         62.117       -15.5293       -30.9956       -31.0368       -61.9478
       -61.9478       -31.0368       -30.9956       -15.5293         62.117        30.9328         31.015        15.4446
       -31.0368       -61.9478       -15.5293       -30.9956        30.9328         62.117        15.4446         31.015
       -30.9956       -15.5293       -61.9478       -31.0368         31.015        15.4446         62.117        30.9328
       -15.5293       -30.9956       -31.0368       -61.9478        15.4446         31.015        30.9328         62.117

        105.506        52.6789        52.6789        26.3025       -105.358       -52.7159       -52.7159       -26.3764
        52.6789        105.506        26.3025        52.6789       -52.7159       -105.358       -26.3764       -52.7159
        52.6789        26.3025        105.506        52.6789       -52.7159       -26.3764       -105.358       -52.7159
        26.3025        52.6789        52.6789        105.506       -26.3764       -52.7159       -52.7159       -105.358
       -105.358       -52.7159       -52.7159       -26.3764        105.506        52.6789        52.6789        26.3025
       -52.7159       -105.358       -26.3764       -52.7159        52.6789        105.506        26.3025        52.6789
       -52.7159       -26.3764       -105.358       -52.7159        52.6789        26.3025        105.506        52.6789
       -26.3764       -52.7159       -52.7159       -105.358        26.3025        52.6789        52.6789        105.506

        5.70128         1.1409        2.84744       0.568849       -3.98834       -2.84904       -1.99577       -1.42532
         1.1409        5.70128       0.568849        2.84744       -2.84904       -3.98834       -1.42532       -1.99577
        2.84744       0.568849        5.70128         1.1409       -1.99577       -1.42532       -3.98834       -2.84904
       0.568849        2.84744         1.1409        5.70128       -1.42532       -1.99577       -2.84904       -3.98834
       -3.98834       -2.84904       -1.99577       -1.42532        5.70128         1.1409        2.84744       0.568849
       -2.84904       -3.98834       -1.42532       -1.99577         1.1409        5.70128       0.568849        2.84744
       -1.99577       -1.42532       -3.98834       -2.84904        2.84744       0.568849        5.70128         1.1409
       -1.42532       -1.99577       -2.84904       -3.98834       0.568849        2.84744         1.1409        5.70128

        3.35607       0.672301        1.67259       0.333431        -2.3449       -1.67531       -1.17517      -0.839016
       0.672301        3.35607       0.333431        1.67259       -1.67531        -2.3449      -0.839016       -1.17517
        1.67259       0.333431        3.35607       0.672301       -1.17517      -0.839016        -2.3449       -1.67531
       0.333431        1.67259       0.672301        3.35607      -0.839016       -1.17517       -1.67531        -2.3449
        -2.3449       -1.67531       -1.17517      -0.839016        3.35607       0.672301        1.67259       0.333431
       -1.67531        -2.3449      -0.839016       -1.17517       0.672301        3.35607       0.333431        1.67259
       -1.17517      -0.839016        -2.3449       -1.67531        1.67259       0.333431        3.35607       0.672301
      -0.839016       -1.17517       -1.67531        -2.3449       0.333431        1.67259       0.672301        3.35607

         62.117         31.015        30.9328        15.4446       -61.9478       -30.9956       -31.0368       -15.5293
         31.015         62.117        15.4446        30.9328       -30.9956       -61.9478       -15.5293       -31.0368
        30.9328        15.4446         62.117         31.015       -31.0368       -15.5293       -61.9478       -30.9956
        15.4446        30.9328         31.015         62.117       -15.5293       -31.0368       -30.9956       -61.9478
       -61.9478       -30.9956       -31.0368       -15.5293         62.117         31.015        30.9328        15.4446
       -30.9956       -61.9478       -15.5293       -31.0368         31.015         62.117        15.4446        30.9328
       -31.0368       -15.5293       -61.9478       -30.9956        30.9328        15.4446         62.117         31.015
       -15.5293       -31.0368       -30.9956       -61.9478        15.4446        30.9328         31.015         62.117

        36.5717        18.2119        18.2119        9.06896       -36.4238       -18.2489       -18.2489       -9.14292
        18.2119        36.5717        9.06896        18.2119       -18.2489       -36.4238       -9.14292       -18.2489
        18.2119        9.06896        36.5717        18.2119       -18.2489       -9.14292       -36.4238       -18.2489
        9.06896        18.2119        18.2119        36.5717       -9.14292       -18.2489       -18.2489       -36.4238
       -36.4238       -18.2489       -18.2489       -9.14292        36.5717        18.2119        18.2119        9.06896
       -18.2489       -36.4238       -9.14292       -18.2489        18.2119        36.5717        9.06896        18.2119
       -18.2489       -9.14292       -36.4238       -18.2489        18.2119        9.06896        36.5717        18.2119
       -9.14292       -18.2489       -18.2489       -36.4238        9.06896        18.2119        18.2119        36.5717

        21.5676        10.6581        10.7403        5.30728       -21.3983        -10.762       -10.7209       -5.39189
        10.6581        21.5676        5.30728        10.7403        -10.762       -21.3983       -5.39189       -10.7209
        10.7403        5.30728        21.5676        10.6581       -10.7209       -5.39189       -21.3983        -10.762
        5.30728        10.7403        10.6581        21.5676       -5.39189       -10.7209        -10.762       -21.3983
       -21.3983        -10.762       -10.7209       -5.39189        21.5676        10.6581        10.7403        5.30728
        -10.762       -21.3983       -5.39189       -10.7209        10.6581        21.5676        5.30728        10.7403
       -10.7209       -5.39189       -21.3983        -10.762        10.7403        5.30728        21.5676        10.6581
       -5.39189       -10.7209        -10.762       -21.3983        5.30728        10.7403        10.6581        21.5676

          12.78        6.17626         6.3644        3.07534       -12.5407        -6.3772       -6.28313         -3.195
        6.17626          12.78        3.07534         6.3644        -6.3772       -12.5407         -3.195       -6.28313
         6.3644        3.07534          12.78        6.17626       -6.28313         -3.195       -12.5407        -6.3772
        3.07534         6.3644        6.17626          12.78         -3.195       -6.28313        -6.3772       -12.5407
       -12.5407        -6.3772       -6.28313         -3.195          12.78        6.17626         6.3644        3.07534
        -6.3772       -12.5407         -3.195       -6.28313        6.17626          12.78        3.07534         6.3644
