Deleted plane x = 2, y1 = 0, y2 = 4, z1 = 0, z2 = 4
Found edge that dont contains in termNodeOnEdge
{
	p1 = { x = 2; y = 0; z = 4}
	p2 = { x = 2; y = 5; z = 4}
}
Found edge that dont contains in termNodeOnEdge
{
	p1 = { x = 2; y = 4; z = 0}
	p2 = { x = 2; y = 4; z = 5}
}
Start chaining 32 node
Start chaining 33 node
Start chaining 34 node
elem 0:
        2.59259       -1.37037        1.12963      -0.768519        1.12963      -0.768519       0.481481      -0.425926
       -1.37037        2.59259      -0.768519        1.12963      -0.768519        1.12963      -0.425926       0.481481
        1.12963      -0.768519        2.59259       -1.37037       0.481481      -0.425926        1.12963      -0.768519
      -0.768519        1.12963       -1.37037        2.59259      -0.425926       0.481481      -0.768519        1.12963
        1.12963      -0.768519       0.481481      -0.425926        2.59259       -1.37037        1.12963      -0.768519
      -0.768519        1.12963      -0.425926       0.481481       -1.37037        2.59259      -0.768519        1.12963
       0.481481      -0.425926        1.12963      -0.768519        1.12963      -0.768519        2.59259       -1.37037
      -0.425926       0.481481      -0.768519        1.12963      -0.768519        1.12963       -1.37037        2.59259

elem 1:
        3.03704        0.62963        1.01852      0.0648148        1.01852      0.0648148       0.259259     -0.0925926
        0.62963        3.03704      0.0648148        1.01852      0.0648148        1.01852     -0.0925926       0.259259
        1.01852      0.0648148        3.03704        0.62963       0.259259     -0.0925926        1.01852      0.0648148
      0.0648148        1.01852        0.62963        3.03704     -0.0925926       0.259259      0.0648148        1.01852
        1.01852      0.0648148       0.259259     -0.0925926        3.03704        0.62963        1.01852      0.0648148
      0.0648148        1.01852     -0.0925926       0.259259        0.62963        3.03704      0.0648148        1.01852
       0.259259     -0.0925926        1.01852      0.0648148        1.01852      0.0648148        3.03704        0.62963
     -0.0925926       0.259259      0.0648148        1.01852      0.0648148        1.01852        0.62963        3.03704

elem 2:
        1.06481      -0.134259      -0.134259      -0.400463       0.490741      -0.087963      -0.087963      -0.210648
      -0.134259        1.06481      -0.400463      -0.134259      -0.087963       0.490741      -0.210648      -0.087963
      -0.134259      -0.400463        1.06481      -0.134259      -0.087963      -0.210648       0.490741      -0.087963
      -0.400463      -0.134259      -0.134259        1.06481      -0.210648      -0.087963      -0.087963       0.490741
       0.490741      -0.087963      -0.087963      -0.210648        1.06481      -0.134259      -0.134259      -0.400463
      -0.087963       0.490741      -0.210648      -0.087963      -0.134259        1.06481      -0.400463      -0.134259
      -0.087963      -0.210648       0.490741      -0.087963      -0.134259      -0.400463        1.06481      -0.134259
      -0.210648      -0.087963      -0.087963       0.490741      -0.400463      -0.134259      -0.134259        1.06481

elem 3:
        1.46296       0.398148      -0.601852      -0.467593       0.648148       0.157407      -0.342593       -0.25463
       0.398148        1.46296      -0.467593      -0.601852       0.157407       0.648148       -0.25463      -0.342593
      -0.601852      -0.467593        1.46296       0.398148      -0.342593       -0.25463       0.648148       0.157407
      -0.467593      -0.601852       0.398148        1.46296       -0.25463      -0.342593       0.157407       0.648148
       0.648148       0.157407      -0.342593       -0.25463        1.46296       0.398148      -0.601852      -0.467593
       0.157407       0.648148       -0.25463      -0.342593       0.398148        1.46296      -0.467593      -0.601852
      -0.342593       -0.25463       0.648148       0.157407      -0.601852      -0.467593        1.46296       0.398148
       -0.25463      -0.342593       0.157407       0.648148      -0.467593      -0.601852       0.398148        1.46296

elem 4:
        1.06481      -0.134259      -0.134259      -0.400463       0.490741      -0.087963      -0.087963      -0.210648
      -0.134259        1.06481      -0.400463      -0.134259      -0.087963       0.490741      -0.210648      -0.087963
      -0.134259      -0.400463        1.06481      -0.134259      -0.087963      -0.210648       0.490741      -0.087963
      -0.400463      -0.134259      -0.134259        1.06481      -0.210648      -0.087963      -0.087963       0.490741
       0.490741      -0.087963      -0.087963      -0.210648        1.06481      -0.134259      -0.134259      -0.400463
      -0.087963       0.490741      -0.210648      -0.087963      -0.134259        1.06481      -0.400463      -0.134259
      -0.087963      -0.210648       0.490741      -0.087963      -0.134259      -0.400463        1.06481      -0.134259
      -0.210648      -0.087963      -0.087963       0.490741      -0.400463      -0.134259      -0.134259        1.06481

elem 5:
        1.06481      -0.134259       0.490741      -0.087963      -0.134259      -0.400463      -0.087963      -0.210648
      -0.134259        1.06481      -0.087963       0.490741      -0.400463      -0.134259      -0.210648      -0.087963
       0.490741      -0.087963        1.06481      -0.134259      -0.087963      -0.210648      -0.134259      -0.400463
      -0.087963       0.490741      -0.134259        1.06481      -0.210648      -0.087963      -0.400463      -0.134259
      -0.134259      -0.400463      -0.087963      -0.210648        1.06481      -0.134259       0.490741      -0.087963
      -0.400463      -0.134259      -0.210648      -0.087963      -0.134259        1.06481      -0.087963       0.490741
      -0.087963      -0.210648      -0.134259      -0.400463       0.490741      -0.087963        1.06481      -0.134259
      -0.210648      -0.087963      -0.400463      -0.134259      -0.087963       0.490741      -0.134259        1.06481

elem 6:
        1.46296       0.398148       0.648148       0.157407      -0.601852      -0.467593      -0.342593       -0.25463
       0.398148        1.46296       0.157407       0.648148      -0.467593      -0.601852       -0.25463      -0.342593
       0.648148       0.157407        1.46296       0.398148      -0.342593       -0.25463      -0.601852      -0.467593
       0.157407       0.648148       0.398148        1.46296       -0.25463      -0.342593      -0.467593      -0.601852
      -0.601852      -0.467593      -0.342593       -0.25463        1.46296       0.398148       0.648148       0.157407
      -0.467593      -0.601852       -0.25463      -0.342593       0.398148        1.46296       0.157407       0.648148
      -0.342593       -0.25463      -0.601852      -0.467593       0.648148       0.157407        1.46296       0.398148
       -0.25463      -0.342593      -0.467593      -0.601852       0.157407       0.648148       0.398148        1.46296

elem 7:
        1.06481      -0.134259       0.490741      -0.087963      -0.134259      -0.400463      -0.087963      -0.210648
      -0.134259        1.06481      -0.087963       0.490741      -0.400463      -0.134259      -0.210648      -0.087963
       0.490741      -0.087963        1.06481      -0.134259      -0.087963      -0.210648      -0.134259      -0.400463
      -0.087963       0.490741      -0.134259        1.06481      -0.210648      -0.087963      -0.400463      -0.134259
      -0.134259      -0.400463      -0.087963      -0.210648        1.06481      -0.134259       0.490741      -0.087963
      -0.400463      -0.134259      -0.210648      -0.087963      -0.134259        1.06481      -0.087963       0.490741
      -0.087963      -0.210648      -0.134259      -0.400463       0.490741      -0.087963        1.06481      -0.134259
      -0.210648      -0.087963      -0.400463      -0.134259      -0.087963       0.490741      -0.134259        1.06481

elem 8:
        0.37037      0.0185185      0.0185185     -0.0740741      0.0185185     -0.0740741     -0.0740741     -0.0787037
      0.0185185        0.37037     -0.0740741      0.0185185     -0.0740741      0.0185185     -0.0787037     -0.0740741
      0.0185185     -0.0740741        0.37037      0.0185185     -0.0740741     -0.0787037      0.0185185     -0.0740741
     -0.0740741      0.0185185      0.0185185        0.37037     -0.0787037     -0.0740741     -0.0740741      0.0185185
      0.0185185     -0.0740741     -0.0740741     -0.0787037        0.37037      0.0185185      0.0185185     -0.0740741
     -0.0740741      0.0185185     -0.0787037     -0.0740741      0.0185185        0.37037     -0.0740741      0.0185185
     -0.0740741     -0.0787037      0.0185185     -0.0740741      0.0185185     -0.0740741        0.37037      0.0185185
     -0.0787037     -0.0740741     -0.0740741      0.0185185     -0.0740741      0.0185185      0.0185185        0.37037

elem 9:
       0.574074       0.203704     -0.0462963     -0.0648148     -0.0462963     -0.0648148      -0.189815      -0.115741
       0.203704       0.574074     -0.0648148     -0.0462963     -0.0648148     -0.0462963      -0.115741      -0.189815
     -0.0462963     -0.0648148       0.574074       0.203704      -0.189815      -0.115741     -0.0462963     -0.0648148
     -0.0648148     -0.0462963       0.203704       0.574074      -0.115741      -0.189815     -0.0648148     -0.0462963
     -0.0462963     -0.0648148      -0.189815      -0.115741       0.574074       0.203704     -0.0462963     -0.0648148
     -0.0648148     -0.0462963      -0.115741      -0.189815       0.203704       0.574074     -0.0648148     -0.0462963
      -0.189815      -0.115741     -0.0462963     -0.0648148     -0.0462963     -0.0648148       0.574074       0.203704
      -0.115741      -0.189815     -0.0648148     -0.0462963     -0.0648148     -0.0462963       0.203704       0.574074

elem 10:
        0.37037      0.0185185      0.0185185     -0.0740741      0.0185185     -0.0740741     -0.0740741     -0.0787037
      0.0185185        0.37037     -0.0740741      0.0185185     -0.0740741      0.0185185     -0.0787037     -0.0740741
      0.0185185     -0.0740741        0.37037      0.0185185     -0.0740741     -0.0787037      0.0185185     -0.0740741
     -0.0740741      0.0185185      0.0185185        0.37037     -0.0787037     -0.0740741     -0.0740741      0.0185185
      0.0185185     -0.0740741     -0.0740741     -0.0787037        0.37037      0.0185185      0.0185185     -0.0740741
     -0.0740741      0.0185185     -0.0787037     -0.0740741      0.0185185        0.37037     -0.0740741      0.0185185
     -0.0740741     -0.0787037      0.0185185     -0.0740741      0.0185185     -0.0740741        0.37037      0.0185185
     -0.0787037     -0.0740741     -0.0740741      0.0185185     -0.0740741      0.0185185      0.0185185        0.37037

        2.59259              0              0              0              0              0              0              0              0              0              0              0              0              0              0              0              0              0              0              0              0              0              0              0              0              0              0              0              0              0              0              0
       -1.37037        5.62963              0              0              0              0              0              0              0              0              0              0              0              0              0              0              0              0              0              0              0              0              0              0              0              0              0              0              0              0              0              0
              0        0.62963        3.03704              0              0              0              0              0              0              0              0              0              0              0              0              0              0              0              0              0              0              0              0              0              0              0              0              0              0              0              0              0
        1.12963      -0.768519              0        3.65741              0              0              0              0              0              0              0              0              0              0              0              0              0              0              0              0              0              0              0              0              0              0              0              0              0              0              0              0
      -0.768519        2.14815      0.0648148       -1.50463         8.7037              0              0              0              0              0              0              0              0              0              0              0              0              0              0              0              0              0              0              0              0              0              0              0              0              0              0              0
              0      0.0648148        1.01852              0        1.41204         5.0463              0              0              0              0              0              0              0              0              0              0              0              0              0              0              0              0              0              0              0              0              0              0              0              0              0              0
              0              0              0      -0.134259      -0.400463              0        1.06481              0              0              0              0              0              0              0              0              0              0              0              0              0              0              0              0              0              0              0              0              0              0              0              0              0
              0              0              0      -0.400463      -0.891975      -0.311728      -0.134259        2.52778              0              0              0              0              0              0              0              0              0              0              0              0              0              0              0              0              0              0              0              0              0              0              0              0
              0              0              0              0      -0.712963      -0.891204              0       0.398148        2.52778              0              0              0              0              0              0              0              0              0              0              0              0              0              0              0              0              0              0              0              0              0              0              0
              0              0              0              0      -0.133488      -0.401235              0              0      -0.134259        1.06481              0              0              0              0              0              0              0              0              0              0              0              0              0              0              0              0              0              0              0              0              0              0
        1.12963      -0.768519              0       0.481481      -0.425926              0              0              0              0              0        3.65741              0              0              0              0              0              0              0              0              0              0              0              0              0              0              0              0              0              0              0              0              0
      -0.768519        2.14815      0.0648148      -0.425926       0.740741     -0.0925926              0              0              0              0       -1.50463         8.7037              0              0              0              0              0              0              0              0              0              0              0              0              0              0              0              0              0              0              0              0
              0      0.0648148        1.01852              0     -0.0925926       0.259259              0              0              0              0              0        1.41204         5.0463              0              0              0              0              0              0              0              0              0              0              0              0              0              0              0              0              0              0              0
       0.481481      -0.425926              0        1.62037      -0.856481              0      -0.087963      -0.210648              0              0        1.62037      -0.856481              0        5.09259              0              0              0              0              0              0              0              0              0              0              0              0              0              0              0              0              0              0
      -0.425926       0.740741     -0.0925926      -0.856481        3.51852       0.393519      -0.210648      -0.515432      -0.398148      -0.070216      -0.856481        3.51852       0.393519       -1.62037         12.963              0              0              0              0              0              0              0              0              0              0              0              0              0              0              0              0              0
              0     -0.0925926       0.259259              0       0.393519        1.89815              0      -0.169753      -0.497685      -0.228395              0       0.393519        1.89815              0         2.5463        7.87037              0              0              0              0              0              0              0              0              0              0              0              0              0              0              0              0
              0              0              0      -0.087963      -0.210648              0       0.490741      -0.087963              0              0              0              0              0      -0.115741      -0.474537              0        1.43519              0              0              0              0              0              0              0              0              0              0              0              0              0              0              0
              0              0              0      -0.210648      -0.515432      -0.169753      -0.087963        1.13889       0.157407              0              0              0              0      -0.474537      -0.941358      -0.354938      -0.115741        3.47222              0              0              0              0              0              0              0              0              0              0              0              0              0              0
              0              0              0              0      -0.398148      -0.497685              0       0.157407        1.13889      -0.087963              0              0              0              0      -0.787037      -0.983796              0       0.601852        3.47222              0              0              0              0              0              0              0              0              0              0              0              0              0
              0              0              0              0      -0.070216      -0.228395              0              0      -0.087963       0.490741              0              0              0              0      -0.158179      -0.432099              0              0      -0.115741        1.43519              0              0              0              0              0              0              0              0              0              0              0              0
              0              0              0              0              0              0              0              0              0              0      -0.134259      -0.400463              0      -0.087963      -0.210648              0              0              0              0              0        1.06481              0              0              0              0              0              0              0              0              0              0              0
              0              0              0              0              0              0              0              0              0              0      -0.400463      -0.891975      -0.311728      -0.210648      -0.515432      -0.169753              0              0              0              0      -0.134259        2.52778              0              0              0              0              0              0              0              0              0              0
              0              0              0              0              0              0              0              0              0              0              0      -0.712963      -0.891204              0      -0.398148      -0.497685              0              0              0              0              0       0.398148        2.52778              0              0              0              0              0              0              0              0              0
              0              0              0              0              0              0              0              0              0              0              0      -0.133488      -0.401235              0      -0.070216      -0.228395              0              0              0              0              0              0      -0.134259        1.06481              0              0              0              0              0              0              0              0
              0              0              0              0              0              0              0              0              0              0      -0.087963      -0.210648              0      -0.115741      -0.474537              0     -0.0740741     -0.0787037              0              0       0.490741      -0.087963              0              0        1.43519              0              0              0              0              0              0              0
              0              0              0              0              0              0              0              0              0              0      -0.210648      -0.515432      -0.169753      -0.474537      -0.941358      -0.354938     -0.0787037      -0.263889      -0.115741              0      -0.087963        1.13889       0.157407              0      -0.115741        3.47222              0              0              0              0              0              0
              0              0              0              0              0              0              0              0              0              0              0      -0.398148      -0.497685              0      -0.787037      -0.983796              0      -0.115741      -0.263889     -0.0787037              0       0.157407        1.13889      -0.087963              0       0.601852        3.47222              0              0              0              0              0
              0              0              0              0              0              0              0              0              0              0              0      -0.070216      -0.228395              0      -0.158179      -0.432099              0              0     -0.0787037     -0.0740741              0              0      -0.087963       0.490741              0              0      -0.115741        1.43519              0              0              0              0
              0              0              0              0              0              0              0              0              0              0              0              0              0     -0.0740741     -0.0787037              0      0.0185185     -0.0740741              0              0              0              0              0              0      0.0185185     -0.0740741              0              0        0.37037              0              0              0
              0              0              0              0              0              0              0              0              0              0              0              0              0     -0.0787037      -0.302469     -0.0771605     -0.0740741     -0.0277778     -0.0648148              0              0              0              0              0     -0.0740741     -0.0277778     -0.0648148              0      0.0185185       0.944444              0              0
              0              0              0              0              0              0              0              0              0              0              0              0              0              0      -0.203704       -0.25463              0     -0.0648148     -0.0277778     -0.0740741              0              0              0              0              0     -0.0648148     -0.0277778     -0.0740741              0       0.203704       0.944444              0
              0              0              0              0              0              0              0              0              0              0              0              0              0              0     -0.0262346      -0.126543              0              0     -0.0740741      0.0185185              0              0              0              0              0              0     -0.0740741      0.0185185              0              0      0.0185185        0.37037

              6        34.6667             34        11.6667             60             55        3.16667             11             13        4.83333        11.6667             60             55        19.7917        95.8333         84.375              5         16.875         19.375        7.08333        3.16667             11             13        4.83333              5         16.875         19.375        7.08333        1.20833              4            4.5          1.625

